       No.  CUOTA FIJAPAGO CAPITAL   INTERES  SALDO CAPITAL FECHA DE PAGO
         1      181.42      118.92     62.50        4881.08    05/03/2024
         2      181.42      120.41     61.01        4760.67    05/04/2024
         3      181.42      121.91     59.51        4638.76    06/05/2024
         4      181.42      123.43     57.98        4515.33    06/06/2024
         5      181.42      124.98     56.44        4390.35    08/07/2024
         6      181.42      126.54     54.88        4263.81    08/08/2024
         7      181.42      128.12     53.30        4135.69    09/09/2024
         8      181.42      129.72     51.70        4005.97    10/10/2024
         9      181.42      131.34     50.07        3874.62    11/11/2024
        10      181.42      132.99     48.43        3741.64    11/12/2024
        11      181.42      134.65     46.77        3606.99    13/01/2025
        12      181.42      136.33     45.09        3470.65    14/02/2025
        13      181.42      138.04     43.38        3332.62    14/03/2025
        14      181.42      139.76     41.66        3192.86    14/04/2025
        15      181.42      141.51     39.91        3051.35    14/05/2025
        16      181.42      143.28     38.14        2908.07    16/06/2025
        17      181.42      145.07     36.35        2763.00    16/07/2025
        18      181.42      146.88     34.54        2616.12    18/08/2025
        19      181.42      148.72     32.70        2467.40    18/09/2025
        20      181.42      150.58     30.84        2316.83    20/10/2025
        21      181.42      152.46     28.96        2164.37    20/11/2025
        22      181.42      154.36     27.05        2010.00    22/12/2025
        23      181.42      156.29     25.13        1853.71    22/01/2026
        24      181.42      158.25     23.17        1695.46    23/02/2026
        25      181.42      160.23     21.19        1535.23    23/03/2026
        26      181.42      162.23     19.19        1373.00    23/04/2026
        27      181.42      164.26     17.16        1208.75    25/05/2026
        28      181.42      166.31     15.11        1042.44    25/06/2026
        29      181.42      168.39     13.03         874.05    27/07/2026
        30      181.42      170.49     10.93         703.55    27/08/2026
        31      181.42      172.62      8.79         530.93    28/09/2026
        32      181.42      174.78      6.64         356.15    28/10/2026
        33      181.42      176.97      4.45         179.18    30/11/2026
        34      181.42      179.18      2.24           0.00    30/12/2026
