       No.  CUOTA FIJAPAGO CAPITAL   INTERES  SALDO CAPITAL FECHA DE PAGO
         1       72.57       47.57     25.00        1952.43    05/03/2024
         2       72.57       48.16     24.41        1904.27    05/04/2024
         3       72.57       48.76     23.80        1855.51    06/05/2024
         4       72.57       49.37     23.19        1806.13    06/06/2024
         5       72.57       49.99     22.58        1756.14    08/07/2024
         6       72.57       50.62     21.95        1705.52    08/08/2024
         7       72.57       51.25     21.32        1654.28    09/09/2024
         8       72.57       51.89     20.68        1602.39    10/10/2024
         9       72.57       52.54     20.03        1549.85    11/11/2024
        10       72.57       53.19     19.37        1496.65    11/12/2024
        11       72.57       53.86     18.71        1442.79    13/01/2025
        12       72.57       54.53     18.03        1388.26    14/02/2025
        13       72.57       55.21     17.35        1333.05    14/03/2025
        14       72.57       55.90     16.66        1277.14    14/04/2025
        15       72.57       56.60     15.96        1220.54    14/05/2025
        16       72.57       57.31     15.26        1163.23    16/06/2025
        17       72.57       58.03     14.54        1105.20    16/07/2025
        18       72.57       58.75     13.82        1046.45    18/08/2025
        19       72.57       59.49     13.08         986.96    18/09/2025
        20       72.57       60.23     12.34         926.73    20/10/2025
        21       72.57       60.98     11.58         865.75    20/11/2025
        22       72.57       61.75     10.82         804.00    22/12/2025
        23       72.57       62.52     10.05         741.48    22/01/2026
        24       72.57       63.30      9.27         678.18    23/02/2026
        25       72.57       64.09      8.48         614.09    23/03/2026
        26       72.57       64.89      7.68         549.20    23/04/2026
        27       72.57       65.70      6.87         483.50    25/05/2026
        28       72.57       66.52      6.04         416.97    25/06/2026
        29       72.57       67.36      5.21         349.62    27/07/2026
        30       72.57       68.20      4.37         281.42    27/08/2026
        31       72.57       69.05      3.52         212.37    28/09/2026
        32       72.57       69.91      2.65         142.46    28/10/2026
        33       72.57       70.79      1.78          71.67    30/11/2026
        34       72.57       71.67      0.90           0.00    30/12/2026
